0 1
1 1
2 1
3 1
4 1
5 1
6 1
7 1
8 1
9 1
10 1
11 1
12 2
13 2
14 2
15 3
16 3
17 4
18 5
19 5
20 5
21 5
22 10
23 10
24 10
25 10
26 15
27 15
28 15
29 20
30 20
31 20
32 25
33 25
34 30
35 30
36 35
37 35
38 40
39 40
40 45
41 45
42 50
43 50
44 55
45 60
46 60
47 65
48 65
49 70
50 70
51 75
52 75
53 75
54 80
55 80
56 85
57 85
58 85
59 90
60 90
61 90
62 90
63 95
64 95
65 95
66 95
67 97
68 98
69 98
70 98
71 98
72 98
73 98
74 99
75 99
76 99
77 99
78 99
79 99
80 99
81 99
82 99

0 1
1 1
2 1
3 1
4 1
5 1
6 1
7 1
8 1
9 1
10 1
11 1
12 1
13 2
14 2
15 3
16 3
17 4
18 5
19 5
20 5
21 10
22 10
23 10
24 15
25 15
26 20
27 20
28 25
29 25
30 30
31 30
32 35
33 40
34 40
35 45
36 50
37 55
38 55
39 60
40 65
41 65
42 70
43 75
44 75
45 80
46 80
47 85
48 85
49 90
50 90
51 90
52 95
53 95
54 95
55 96
56 97
57 97
58 98
59 98
60 99
61 99
62 99
63 99
64 99
65 99
66 99
67 99
68 99

0 1
1 1
2 1
3 1
4 1
5 1
6 1
7 2
8 2
9 3
10 4
11 5
12 5
13 10
14 10
15 10
16 15
17 15
18 20
19 20
20 25
21 30
22 30
23 35
24 40
25 45
26 50
27 55
28 55
29 60
30 65
31 70
32 75
33 75
34 80
35 85
36 85
37 85
38 90
39 90
40 95
41 95
42 95
43 97
44 97
45 98
46 98
47 99
48 99
49 99
50 99
51 99
52 99
53 99
54 99
55 99
56 99

0 1
1 1
2 1
3 1
4 1
5 1
6 1
7 1
8 1
9 1
10 1
11 1
12 1
13 1
14 1
15 2
16 2
17 2
18 3
19 3
20 4
21 5
22 5
23 5
24 10
25 10
26 10
27 10
28 15
29 15
30 15
31 20
32 20
33 25
34 25
35 30
36 30
37 35
38 35
39 40
40 40
41 45
42 50
43 50
44 55
45 55
46 60
47 65
48 65
49 70
50 70
51 75
52 75
53 80
54 80
55 85
56 85
57 85
58 90
59 90
60 90
61 90
62 95
63 95
64 95
65 96
66 97
67 97
68 98
69 98
70 98

0 1
1 1
2 1
3 1
4 1
5 1
6 1
7 1
8 1
9 1
10 1
11 1
12 2
13 2
14 2
15 3
16 4
17 4
18 5
19 5
20 10
21 10
22 10
23 10
24 15
25 15
26 20
27 20
28 25
29 25
30 30
31 35
32 35
33 40
34 45
35 50
36 50055
37 60
38 60
39 65
40 70
41 70
42 75
43 80
44 80
45 85
46 85
47 85
48 90
49 90
50 90
51 95
52 95
53 95
54 95
55 97
56 97
57 98
58 98
59 98
60 99
61 99
62 99
63 99
64 99
65 99
66 99
67 99
68 99
69 99
70 99
71 99
72 99
73 99
74 99
75 99
76 99
77 99
78 99
79 99
80 99
81 99
82 99
83 99
84 99
85 99
86 99

0 1
1 1
2 1
3 1
4 1
5 1
6 1
7 1
8 1
9 2
10 2
11 3
12 4
13 5
14 5
15 10
16 10
17 10
18 15
19 15
20 20
21 25
22 25
23 30
24 35
25 40
26 40
27 45
28 50
29 55
30 60
31 65
32 70
33 70
34 75
35 80
36 80
37 85
38 85
39 90
40 90
41 95
42 95
43 95
44 97
45 97
46 98
47 98
48 99
49 99
50 99
51 99
52 99

0 1
1 1
2 1
3 1
4 2
5 2
6 3
7 4
8 5
9 5
10 10
11 10
12 15
13 15
14 20
15 25
16 25
17 30
18 35
19 40
20 45
21 50
22 55
23 60
24 65
25 70
26 75
27 80
28 80
29 85
30 90
31 90
32 90
33 95
34 95
35 97
36 97
37 98
38 99
39 99
40 99
41 99
42 99

0 2
1 3
2 4
3 5
4 5
5 10
6 10
7 15
8 20
9 25
10 25
11 30
12 35
13 45
14 50
15 55
16 60
17 65
18 70
19 75
20 80
21 85
22 85
23 90
24 90
25 95
26 95
27 97
28 97
29 98
30 99