0 1
1 1
2 1
3 1
4 1
5 4
6 4
7 4
8 5
9 10
10 11
11 15
12 20
13 25
14 35
15 40
16 45
17 50
18 55
19 60
20 65
21 75
22 77
23 80
24 85
25 89
26 89
27 90
28 95
29 95
30 95
31 96
32 97
33 99
34 99
35 99
36 99

-3 1
-2 1
-1 4
0 5
1 5
2 10
3 11
4 11
5 15
6 15
7 20
8 23
9 25
10 30
11 30
12 35
13 40
14 45
15 45
16 50
17 55
18 60
19 60
20 65
21 65
22 70
23 75
24 77
25 80
26 80
27 85
28 85
29 89
30 90
31 90
32 90
33 90
34 90
35 90
36 95
37 96
38 97
39 99
40 99
41 99

0 1
1 1
2 4
3 10
4 15
5 20
6 25
7 30
8 40
9 45
10 50
11 55
12 65
13 70
14 75
15 80
16 85
17 89
18 90
19 95
20 96
21 97
22 99

0 1
1 1
2 1
3 4
4 5
5 10
6 10
7 10
8 11
9 15
10 20
11 23
12 25
13 35
14 40
15 45
16 50
17 55
18 60
19 65
20 70
21 75
22 77
23 80
24 80
25 85
26 85
27 89
28 90
29 90
30 90
31 90
32 95
33 95
34 96
35 96
36 97
37 97
38 97
39 99

0 1
1 1
2 1
3 1
4 1
5 1
6 1
7 1
8 1
9 1
10 1
11 1
12 1
13 1
14 1
15 1
16 1
17 4
18 5
19 5
20 5
21 10
22 11
23 11
24 15
25 20
26 23
27 25
28 30
29 35
30 40
31 40
32 45
33 50
34 55
35 60
36 60
37 65
38 70
39 75
40 77
41 80
42 80
43 85
44 85
45 89
46 89
47 90
48 95
49 96
50 97
51 97
52 97
53 97
54 99
